0000.000
0000.000
0000.020
0000.160
0000.420
0000.780
0005.660
0005.800
0006.040
0006.120
0006.100
0006.080
0006.060
0005.620
0005.580
0005.600
0005.740
0006.020
0006.200
0006.580
0010.860
0011.040
0011.220
0011.460
0011.800
0016.700
0016.980
0017.180
0017.200
0017.220
0017.260
0019.140
0019.340
0019.480
0019.500
0019.540
0019.600
0021.200
0021.480
0021.900
0022.140
0022.680
0023.320
0035.180
0036.080
0036.540
0036.640
0036.800
0047.020
0048.140
0049.080
0049.100
0049.140
0049.180
0049.240
0049.280
0049.320
0049.340
0049.380
0049.380
0049.380
0049.360
0049.340
0049.280
0049.240
0049.180
0049.120
0049.060
0048.980
0048.880
0048.800
0048.760
0048.700
0048.680
0048.660
0048.640
0048.620
0048.620
0048.620
0048.620
0048.660
0048.700
0048.700
0048.700
0048.720
0048.720
0048.720
0048.720
0048.720
0048.720
0048.720
0048.720
0048.700
0048.700
0048.700
0048.700
0048.700
0048.700
0048.700
0048.700
0048.700
0048.700
0048.700
0048.700
0048.700
0048.700
0048.700
0048.680
0048.680
0048.680
0048.680
0048.660
0048.660
0048.660
0048.660
0048.660
0048.660
0048.660
0048.660
0048.640
0048.640
0048.640
0048.640
0048.660
0048.660
0048.660
0048.660
0048.660
0048.660
0048.660
0048.660
0048.660
0048.660
0048.660
0048.660
0048.660
0048.660
0048.660
0048.660
0048.640
0048.640
0048.640
0048.640
0048.640
0048.640
0048.640
0048.640
0048.640
0048.640
0048.640
0048.640
0048.640
0048.640
0048.640
0048.640
0048.640
0048.640
0048.640
0048.640
0048.640
0048.640
0048.640
0048.640
0048.640
0048.640
0048.640
0048.640
0048.640
0048.640
0048.640
0048.640
0048.660
0048.660
0048.660
0048.660
0048.660
0048.640
0048.640
0048.640
0048.640
0048.640
0048.640
0048.640
0048.640
0048.640
0048.640
0048.640
0048.640
0048.640
0048.660
0048.660
0048.660
0048.660
0048.660
0048.660
0048.660
0048.660
0048.640
0048.660
0048.660
0048.660
0048.660
0048.660
0048.660
0048.660
0048.660
0048.660
0048.660
0048.660
0048.660
0048.660
0048.660
0048.660
0048.660
0048.660
0048.660
0048.660
0048.660
0048.660
0048.660
0048.660
0048.660
0048.660
0048.660
0048.660
0048.640
0048.640
0048.640
0048.640
0048.640
0048.640
0048.640
0048.640
0048.640
0048.640
0048.640
0048.640
0048.640
0048.640
0048.640
0048.640
0048.640
0048.640
0048.640
0048.640
0048.640
0048.640
0048.640
0048.640
0048.640
0048.640
0048.640
0048.640
0048.640
0048.640
0048.640
0048.640
0048.640
0048.640
0048.640
0048.640
0048.640
0048.660
0048.660
0048.660
0048.660
0048.660
0048.660
0048.660
0048.660
0048.700
0048.700
0048.700
0048.700
0048.700
0048.700
0048.720
0048.720
0048.720
0048.720
0048.720
0048.720
0048.720
0048.720
0048.720
0048.720
0048.720
0048.720
0048.720
0048.720
0048.720
0048.720
0048.720
0048.720
0048.720
0048.720
0048.720
0048.720
0048.720
0048.720
0048.720
0048.720
0048.720
0048.720
0048.720
0048.720
0048.720
0048.720
0048.720
0048.720
0048.720
0048.720
0048.720
0048.720
0048.720
0048.720
0048.740
0048.740
0048.740
0048.740
0048.740
0048.760
0048.760
0048.760
0048.780
0048.780
0048.800
0048.780
0048.780
0048.780
0048.720
0048.600
0048.400
0048.100
0047.720
0042.580
0042.200
0042.060
0042.020
0041.940
0041.780
0041.520
0041.180
0040.700
0040.040
0030.200
0029.500
0029.120
0029.060
0028.900
0028.680
0028.380
0024.720
0024.420
0024.000
0023.480
0022.660
0021.580
0006.220
0005.640
0004.620
0004.380
0004.080
0003.740
0000.220
0000.060
0000.000
